Ganita Prakash | Grade 6
68
32 32 32 32 32 32 32 32
32 32 32 32 32 32 32 32
32 32 32 32 32 32 32 32
32 32 32 32 32 32 32 32
64 64 64 64
64 64 64 64
64 64 64 64
64 64 64 64
c. d.
125
250
500
500
500
1000 500
250
250
250
250
250
250
250
125
125
125
125
125
125
125
125 125 125
125
125
125
125
125
125
125
15 15 25 25
2525
35
25
25
25 25
25
25 25
25 25
25
25 25
25
25 35
35
35 35
35
35
35
35 35
35
35
35
35
15
15 15
1515
35 35
35
25 25
2525
35
35 35
35 35
15 15
15
1515
15 15
15
1515
15
15 15
15
15
e. f.
3.10 An Unsolved Mystery — the Collatz Conjecture!
Look at the sequences below—the same rule is applied in all the 
sequences:
a. 12, 6, 3, 10, 5, 16, 8, 4, 2, 1
b. 17, 52, 26, 13, 40, 20, 10, 5, 16, 8, 4, 2, 1
c. 21, 64, 32, 16, 8, 4, 2, 1
d. 22, 11, 34, 17, 52, 26, 13, 40, 20, 10, 5, 16, 8, 4, 2, 1
Do you see how these sequences were formed? 
Chapter 3_Number Play.indd 68 14-08-2024 14:43:46
Reprint 2026-27
