Ganita Prakash | Grade 6
44
Mind the Mistake, Mend the Mistake!
A student used a protractor to measure the angles as shown below. 
In each figure, identify the incorrect usage(s) of the protractor and 
discuss how the reading could have been made and think how it can 
be corrected.
0
180
10
170
20
160
30
150
40
140
50
130
60
120
70
110
80
100
100
80
110
70
120
60
130
50
140
40
150
30
160
20
170
10
180
0
90
90
∠U = 35⁰
∠V = 80⁰
0
180
10
170
20
160
30
150
40
140
50
130
60
120
70
110
80
100
100
80
110
70
120
60
130
50
140
40
150
30
160
20
170
10
180
0
90
90
0
180
10
170
20
160
30
150
40
140
50
130
60
120
70
110
80
100
100
80
110
70
120
60
130
50
140
40
150
30
160
20
170
10
180
0
90
90
∠W = 70⁰
U V
0
180
10
170
20
160
30
150
40
140
50
130
60
120
70
110
80
100
100
80
110
70
120
60
130
50
140
40
150
30
160
20
170
10
180
0
90
90
∠X = 150⁰
∠Z = 85⁰ 0180 10 170
20
160
30
150
40
140
50
130
60
120
70
110
80
100
100
80
110
70
21 0
06
130
140
50
40
150
30
160
20
170
10
180
0
90
90
∠Y = 120⁰ 0
180
10
170
20
160
30
150
40
140
50
130
60
120
70
110
100
80
80
100
110
70
120
60
130
50
140
40
51 0
03
160
20
170
10
180
0
90
90
Y
Chapter 2_Lines and Angles.indd 44 13-08-2024 16:14:37
Reprint 2026-27
